# A modelled drive from forte-de-sao-tiago, 8978 m on town and main roads, seed 7.
# Written by tools/make-demo-route.mjs; replay 2 s apart for 9 m/s.
# For the emulator only: nobody drove this (D-016), and nothing may be tuned against it.
32.647265 -16.898907
32.647183 -16.898720
32.647124 -16.898561
32.647079 -16.898372
32.647034 -16.898175
32.646987 -16.897986
32.646948 -16.897788
32.646926 -16.897602
32.646969 -16.897433
32.647116 -16.897373
32.647293 -16.897353
32.647451 -16.897314
32.647595 -16.897228
32.647732 -16.897117
32.647857 -16.897033
32.647960 -16.896875
32.648013 -16.896700
32.648085 -16.896525
32.648203 -16.896398
32.648329 -16.896288
32.648474 -16.896173
32.648603 -16.896068
32.648730 -16.895960
32.648855 -16.895855
32.648985 -16.895733
32.649116 -16.895617
32.649243 -16.895508
32.649387 -16.895397
32.649528 -16.895291
32.649663 -16.895182
32.649772 -16.895264
32.649894 -16.895382
32.650005 -16.895524
32.650124 -16.895641
32.650230 -16.895799
32.650367 -16.895917
32.650468 -16.895858
32.650514 -16.895703
32.650587 -16.895526
32.650646 -16.895350
32.650745 -16.895222
32.650882 -16.895082
32.651019 -16.894984
32.651173 -16.894997
32.651327 -16.895055
32.651488 -16.895119
32.651657 -16.895162
32.651815 -16.895199
32.651973 -16.895221
32.652136 -16.895194
32.652307 -16.895186
32.652452 -16.895082
32.652589 -16.894992
32.652633 -16.895171
32.652652 -16.895371
32.652739 -16.895436
32.652899 -16.895370
32.653053 -16.895293
32.653191 -16.895196
32.653335 -16.895112
32.653493 -16.895098
32.653651 -16.895096
32.653795 -16.895064
32.653919 -16.894921
32.654041 -16.894794
32.654176 -16.894678
32.654308 -16.894563
32.654452 -16.894480
32.654574 -16.894374
32.654709 -16.894280
32.654857 -16.894175
32.655004 -16.894114
32.655156 -16.894036
32.655304 -16.893973
32.655452 -16.893892
32.655505 -16.893762
32.655457 -16.893566
32.655464 -16.893399
32.655521 -16.893212
32.655562 -16.893031
32.655586 -16.892857
32.655731 -16.892770
32.655871 -16.892670
32.655987 -16.892524
32.656064 -16.892356
32.656163 -16.892194
32.656264 -16.892024
32.656345 -16.891863
32.656454 -16.891724
32.656580 -16.891601
32.656694 -16.891465
32.656793 -16.891306
32.656941 -16.891272
32.657110 -16.891269
32.657243 -16.891155
32.657070 -16.891403
32.657103 -16.891559
32.657111 -16.891750
32.657047 -16.891937
32.656969 -16.892106
32.656991 -16.892282
32.656977 -16.892501
32.656887 -16.892669
32.656821 -16.892837
32.656850 -16.893012
32.656991 -16.893126
32.657132 -16.893233
32.657166 -16.893359
32.657074 -16.893524
32.656972 -16.893687
32.656826 -16.893761
32.656675 -16.893819
32.656546 -16.893921
32.656403 -16.894033
32.656295 -16.894166
32.656270 -16.894293
32.656418 -16.894372
32.656419 -16.894549
32.656414 -16.894719
32.656429 -16.894922
32.656529 -16.895075
32.656656 -16.895186
32.656827 -16.895205
32.656978 -16.895237
32.657147 -16.895269
32.657307 -16.895302
32.657474 -16.895318
32.657647 -16.895299
32.657805 -16.895260
32.657941 -16.895145
32.658043 -16.894997
32.658181 -16.894916
32.658335 -16.894967
32.658442 -16.895088
32.658484 -16.895264
32.658474 -16.895446
32.658429 -16.895620
32.658359 -16.895766
32.658249 -16.895938
32.658145 -16.896088
32.658054 -16.896240
32.657961 -16.896420
32.657893 -16.896599
32.657863 -16.896779
32.657879 -16.896960
32.657953 -16.897124
32.658071 -16.897289
32.658207 -16.897384
32.658368 -16.897401
32.658522 -16.897403
32.658671 -16.897459
32.658671 -16.897628
32.658551 -16.897732
32.658416 -16.897831
32.658283 -16.897934
32.658170 -16.898073
32.658073 -16.898207
32.657959 -16.898342
32.657848 -16.898485
32.657795 -16.898659
32.657814 -16.898867
32.657832 -16.899035
32.657934 -16.899174
32.658052 -16.899276
32.658191 -16.899336
32.658342 -16.899312
32.658498 -16.899275
32.658638 -16.899235
32.658787 -16.899173
32.658933 -16.899180
32.659090 -16.899232
32.659246 -16.899292
32.659408 -16.899360
32.659554 -16.899438
32.659688 -16.899544
32.659799 -16.899678
32.659920 -16.899834
32.660031 -16.899963
32.660180 -16.900060
32.660356 -16.900067
32.660542 -16.900076
32.660676 -16.900100
32.660804 -16.899973
32.660907 -16.899816
32.661001 -16.899665
32.661104 -16.899528
32.661204 -16.899369
32.661321 -16.899214
32.661431 -16.899054
32.661523 -16.898918
32.661653 -16.898770
32.661833 -16.898835
32.661977 -16.898926
32.662061 -16.898791
32.662145 -16.898644
32.662250 -16.898509
32.662347 -16.898367
32.662455 -16.898229
32.662563 -16.898106
32.662692 -16.897969
32.662829 -16.897880
32.662995 -16.897806
32.663154 -16.897756
32.664350 -16.897850
32.662268 -16.901803
32.662208 -16.901990
32.662063 -16.902095
32.661904 -16.902091
32.661850 -16.901947
32.661950 -16.901817
32.662092 -16.901732
32.662233 -16.901644
32.662394 -16.901555
32.662541 -16.901490
32.662701 -16.901424
32.662873 -16.901343
32.663032 -16.901262
32.663202 -16.901192
32.663367 -16.901136
32.663529 -16.901107
32.663679 -16.901095
32.663849 -16.901095
32.664014 -16.901129
32.664155 -16.901230
32.664296 -16.901312
32.664438 -16.901405
32.664548 -16.901521
32.664665 -16.901646
32.664810 -16.901590
32.664778 -16.901418
32.664679 -16.901266
32.664554 -16.901106
32.664464 -16.900972
32.664487 -16.900807
32.664621 -16.900836
32.664745 -16.900929
32.664880 -16.901035
32.665020 -16.901171
32.665163 -16.901267
32.665299 -16.901362
32.665447 -16.901463
32.665619 -16.901477
32.665777 -16.901403
32.665922 -16.901331
32.666083 -16.901273
32.666229 -16.901215
32.666375 -16.901155
32.666531 -16.901118
32.666679 -16.901080
32.666830 -16.901041
32.666012 -16.901304
32.666062 -16.901466
32.666064 -16.901661
32.666037 -16.901867
32.665984 -16.902058
32.665904 -16.902245
32.665790 -16.902358
32.665661 -16.902460
32.665523 -16.902556
32.665388 -16.902640
32.665237 -16.902741
32.665096 -16.902830
32.664945 -16.902918
32.664810 -16.903013
32.664672 -16.903110
32.664519 -16.903198
32.664418 -16.903341
32.664358 -16.903517
32.664319 -16.903713
32.664277 -16.903904
32.664227 -16.904091
32.664191 -16.904270
32.664146 -16.904476
32.664137 -16.904665
32.664146 -16.904857
32.664194 -16.905066
32.664278 -16.905226
32.664384 -16.905370
32.664496 -16.905503
32.664604 -16.905632
32.664739 -16.905746
32.664876 -16.905862
32.665004 -16.905974
32.665135 -16.906102
32.665200 -16.906258
32.665164 -16.906435
32.665092 -16.906605
32.665052 -16.906777
32.665124 -16.906946
32.665194 -16.907113
32.665261 -16.907280
32.665129 -16.907369
32.664978 -16.907418
32.664854 -16.907499
32.664810 -16.907669
32.664713 -16.907807
32.664583 -16.907941
32.664450 -16.908064
32.664341 -16.908198
32.664225 -16.908318
32.664103 -16.908455
32.663998 -16.908602
32.663852 -16.908714
32.663707 -16.908709
32.663549 -16.908707
32.663401 -16.908748
32.663291 -16.908913
32.663192 -16.909045
32.663123 -16.909207
32.663038 -16.909367
32.662959 -16.909517
32.662888 -16.909691
32.662816 -16.909869
32.662749 -16.910043
32.662634 -16.910151
32.662474 -16.910064
32.662320 -16.909995
32.662166 -16.909952
32.661998 -16.909992
32.661848 -16.910062
32.661695 -16.910120
32.661547 -16.910157
32.661371 -16.910189
32.661210 -16.910198
32.661036 -16.910191
32.660865 -16.910223
32.660701 -16.910240
32.660535 -16.910261
32.660448 -16.910324
32.660554 -16.910465
32.660698 -16.910588
32.660824 -16.910696
32.660969 -16.910802
32.661105 -16.910911
32.661224 -16.911049
32.661281 -16.911230
32.661174 -16.911332
32.661050 -16.911206
32.660894 -16.911212
32.660779 -16.911294
32.660634 -16.911329
32.660556 -16.911500
32.660447 -16.911650
32.660327 -16.911777
32.660208 -16.911921
32.660086 -16.912035
32.659956 -16.912135
32.659807 -16.912230
32.659655 -16.912302
32.659499 -16.912396
32.659476 -16.912515
32.659560 -16.912701
32.659620 -16.912889
32.659661 -16.913073
32.659680 -16.913262
32.659764 -16.913372
32.659794 -16.913569
32.659829 -16.913760
32.659851 -16.913963
32.659868 -16.914158
32.659905 -16.914331
32.659875 -16.914492
32.659814 -16.914673
32.659757 -16.914834
32.659694 -16.915013
32.659562 -16.915152
32.659430 -16.915278
32.659300 -16.915401
32.659159 -16.915502
32.658986 -16.915576
32.658822 -16.915630
32.658662 -16.915660
32.658502 -16.915633
32.658391 -16.915732
32.658289 -16.915894
32.658180 -16.916033
32.658077 -16.916188
32.657960 -16.916316
32.657839 -16.916423
32.657725 -16.916562
32.657601 -16.916697
32.657488 -16.916854
32.657449 -16.917035
32.657485 -16.917203
32.657508 -16.917371
32.657552 -16.917531
32.657608 -16.917703
32.657658 -16.917898
32.657693 -16.918090
32.657661 -16.918297
32.657682 -16.918426
32.657723 -16.918611
32.657751 -16.918789
32.657771 -16.918950
32.657850 -16.919112
32.658012 -16.919149
32.658182 -16.919137
32.658342 -16.919137
32.658505 -16.919124
32.658672 -16.919125
32.658845 -16.919119
32.658996 -16.919111
32.659151 -16.919113
32.659325 -16.919130
32.659463 -16.919241
32.659568 -16.919392
32.659608 -16.919538
32.659597 -16.919728
32.659567 -16.919913
32.659502 -16.920061
32.659378 -16.920178
32.659216 -16.920201
32.659048 -16.920202
32.658890 -16.920222
32.658746 -16.920252
32.658589 -16.920239
32.658417 -16.920226
32.658258 -16.920174
32.658118 -16.920103
32.657973 -16.920050
32.657820 -16.920003
32.657667 -16.919941
32.657510 -16.919878
32.657359 -16.919876
32.657228 -16.919994
32.657155 -16.920169
32.657161 -16.920367
32.657238 -16.920514
32.657378 -16.920641
32.657511 -16.920737
32.657648 -16.920847
32.657804 -16.920938
32.657937 -16.921046
32.658073 -16.921150
32.658212 -16.921250
32.658348 -16.921351
32.658500 -16.921441
32.658631 -16.921544
32.658753 -16.921638
32.658898 -16.921754
32.659050 -16.921876
32.659192 -16.921986
32.659324 -16.922080
32.659471 -16.922157
32.659611 -16.922243
32.659737 -16.922363
32.659870 -16.922474
32.660000 -16.922586
32.660141 -16.922701
32.660263 -16.922804
32.660408 -16.922902
32.660549 -16.922998
32.660688 -16.923101
32.660816 -16.923177
32.660952 -16.923282
32.661103 -16.923344
32.661264 -16.923380
32.661426 -16.923394
32.661571 -16.923417
32.661742 -16.923433
32.661913 -16.923446
32.662093 -16.923459
32.662258 -16.923507
32.662433 -16.923523
32.662590 -16.923534
32.662760 -16.923546
